-25.00 15.12
-24.95 15.11
-24.90 15.10
-24.85 15.09
-24.80 15.08
-24.75 15.07
-24.70 15.06
-24.65 15.04
-24.60 15.03
-24.55 15.02
-24.50 15.01
-24.45 15.00
-24.40 14.99
-24.35 14.98
-24.30 14.97
-24.25 14.96
-24.20 14.95
-24.15 14.94
-24.10 14.92
-24.05 14.91
-24.00 14.90
-23.95 14.89
-23.90 14.88
-23.85 14.87
-23.80 14.86
-23.75 14.85
-23.70 14.85
-23.65 14.85
-23.60 14.84
-23.55 14.84
-23.50 14.84
-23.45 14.84
-23.40 14.84
-23.35 14.84
-23.30 14.84
-23.25 14.84
-23.20 14.84
-23.15 14.84
-23.10 14.83
-23.05 14.83
-23.00 14.83
-22.95 14.83
-22.90 14.83
-22.85 14.83
-22.80 14.83
-22.75 14.83
-22.70 14.83
-22.65 14.82
-22.60 14.82
-22.55 14.82
-22.50 14.82
-22.45 14.82
-22.40 14.81
-22.35 14.81
-22.30 14.80
-22.25 14.79
-22.20 14.79
-22.15 14.78
-22.10 14.78
-22.05 14.77
-22.00 14.77
-21.95 14.76
-21.90 14.76
-21.85 14.75
-21.80 14.75
-21.75 14.74
-21.70 14.74
-21.65 14.73
-21.60 14.72
-21.55 14.72
-21.50 14.71
-21.45 14.71
-21.40 14.70
-21.35 14.70
-21.30 14.69
-21.25 14.69
-21.20 14.68
-21.15 14.68
-21.10 14.68
-21.05 14.68
-21.00 14.68
-20.95 14.67
-20.90 14.67
-20.85 14.67
-20.80 14.67
-20.75 14.66
-20.70 14.66
-20.65 14.66
-20.60 14.66
-20.55 14.66
-20.50 14.65
-20.45 14.65
-20.40 14.65
-20.35 14.65
-20.30 14.64
-20.25 14.64
-20.20 14.64
-20.15 14.64
-20.10 14.64
-20.05 14.63
-19.99 14.63
-19.94 14.63
-19.89 14.63
-19.84 14.63
-19.79 14.62
-19.74 14.62
-19.69 14.62
-19.64 14.62
-19.59 14.62
-19.54 14.62
-19.49 14.61
-19.44 14.61
-19.39 14.61
-19.34 14.61
-19.29 14.61
-19.24 14.61
-19.19 14.60
-19.14 14.60
-19.09 14.60
-19.04 14.60
-18.99 14.60
-18.94 14.60
-18.89 14.59
-18.84 14.59
-18.79 14.59
-18.74 14.59
-18.69 14.57
-18.64 14.54
-18.59 14.52
-18.54 14.49
-18.49 14.47
-18.44 14.44
-18.39 14.42
-18.34 14.40
-18.29 14.37
-18.24 14.35
-18.19 14.32
-18.14 14.30
-18.09 14.28
-18.04 14.25
-17.99 14.23
-17.94 14.20
-17.89 14.18
-17.84 14.15
-17.79 14.13
-17.74 14.11
-17.69 14.08
-17.64 14.06
-17.59 14.03
-17.54 14.01
-17.49 13.99
-17.44 13.96
-17.39 13.93
-17.34 13.90
-17.29 13.87
-17.24 13.84
-17.19 13.81
-17.14 13.79
-17.09 13.76
-17.04 13.73
-16.99 13.70
-16.94 13.67
-16.89 13.64
-16.84 13.61
-16.79 13.59
-16.74 13.56
-16.69 13.53
-16.64 13.50
-16.59 13.47
-16.54 13.44
-16.49 13.41
-16.44 13.39
-16.39 13.36
-16.34 13.33
-16.29 13.30
-16.24 13.27
-16.19 13.28
-16.14 13.28
-16.09 13.29
-16.04 13.29
-15.99 13.29
-15.94 13.30
-15.89 13.30
-15.84 13.31
-15.79 13.31
-15.74 13.32
-15.69 13.32
-15.64 13.32
-15.59 13.33
-15.54 13.33
-15.49 13.34
-15.44 13.34
-15.39 13.35
-15.34 13.35
-15.29 13.35
-15.24 13.36
-15.19 13.36
-15.14 13.37
-15.09 13.37
-15.04 13.38
-14.99 13.38
-14.94 13.38
-14.89 13.37
-14.84 13.36
-14.79 13.36
-14.74 13.35
-14.69 13.35
-14.64 13.34
-14.59 13.34
-14.54 13.33
-14.49 13.33
-14.44 13.32
-14.39 13.32
-14.34 13.31
-14.29 13.31
-14.24 13.30
-14.19 13.30
-14.14 13.29
-14.09 13.29
-14.04 13.28
-13.99 13.28
-13.94 13.27
-13.89 13.27
-13.84 13.26
-13.79 13.25
-13.74 13.25
-13.69 13.24
-13.64 13.25
-13.59 13.25
-13.54 13.25
-13.49 13.25
-13.44 13.26
-13.39 13.26
-13.34 13.26
-13.29 13.27
-13.24 13.27
-13.19 13.27
-13.14 13.28
-13.09 13.28
-13.04 13.28
-12.99 13.29
-12.94 13.29
-12.89 13.29
-12.84 13.30
-12.79 13.30
-12.74 13.30
-12.69 13.31
-12.64 13.31
-12.59 13.31
-12.54 13.32
-12.49 13.32
-12.44 13.32
-12.39 13.33
-12.34 13.33
-12.29 13.33
-12.24 13.33
-12.19 13.34
-12.14 13.34
-12.09 13.34
-12.04 13.35
-11.99 13.35
-11.94 13.35
-11.89 13.36
-11.84 13.36
-11.79 13.36
-11.74 13.37
-11.69 13.37
-11.64 13.37
-11.59 13.37
-11.54 13.38
-11.49 13.38
-11.44 13.38
-11.39 13.39
-11.34 13.39
-11.29 13.39
-11.24 13.40
-11.19 13.40
-11.14 13.40
-11.09 13.40
-11.04 13.41
-10.99 13.43
-10.94 13.45
-10.89 13.47
-10.84 13.49
-10.79 13.51
-10.74 13.53
-10.69 13.55
-10.64 13.57
-10.59 13.59
-10.54 13.61
-10.49 13.63
-10.44 13.65
-10.39 13.67
-10.34 13.69
-10.29 13.70
-10.24 13.72
-10.19 13.74
-10.14 13.76
-10.09 13.78
-10.04 13.80
-9.98 13.82
-9.93 13.84
-9.88 13.86
-9.83 13.88
-9.78 13.90
-9.73 13.92
-9.68 13.96
-9.63 14.00
-9.58 14.04
-9.53 14.08
-9.48 14.12
-9.43 14.16
-9.38 14.20
-9.33 14.24
-9.28 14.28
-9.23 14.32
-9.18 14.36
-9.13 14.40
-9.08 14.44
-9.03 14.48
-8.98 14.52
-8.93 14.56
-8.88 14.60
-8.83 14.64
-8.78 14.68
-8.73 14.72
-8.68 14.76
-8.63 14.80
-8.58 14.84
-8.53 14.88
-8.48 14.92
-8.43 14.96
-8.38 15.00
-8.33 15.04
-8.28 15.08
-8.23 15.12
-8.18 15.16
-8.13 15.21
-8.08 15.27
-8.03 15.33
-7.98 15.40
-7.93 15.46
-7.88 15.53
-7.83 15.59
-7.78 15.66
-7.73 15.72
-7.68 15.78
-7.63 15.85
-7.58 15.91
-7.53 15.98
-7.48 16.04
-7.43 16.10
-7.38 16.17
-7.33 16.23
-7.28 16.30
-7.23 16.36
-7.18 16.42
-7.13 16.49
-7.08 16.55
-7.03 16.62
-6.98 16.68
-6.93 16.74
-6.88 16.81
-6.83 16.87
-6.78 16.94
-6.73 17.00
-6.68 17.06
-6.63 17.13
-6.58 17.19
-6.53 17.27
-6.48 17.35
-6.43 17.44
-6.38 17.52
-6.33 17.60
-6.28 17.69
-6.23 17.77
-6.18 17.85
-6.13 17.94
-6.08 18.02
-6.03 18.10
-5.98 18.19
-5.93 18.27
-5.88 18.35
-5.83 18.44
-5.78 18.52
-5.73 18.60
-5.68 18.69
-5.63 18.77
-5.58 18.85
-5.53 18.94
-5.48 19.02
-5.43 19.10
-5.38 19.19
-5.33 19.27
-5.28 19.35
-5.23 19.44
-5.18 19.52
-5.13 19.60
-5.08 19.69
-5.03 19.77
-4.98 19.84
-4.93 19.88
-4.88 19.91
-4.83 19.95
-4.78 19.98
-4.73 20.02
-4.68 20.05
-4.63 20.08
-4.58 20.12
-4.53 20.15
-4.48 20.19
-4.43 20.22
-4.38 20.25
-4.33 20.29
-4.28 20.32
-4.23 20.36
-4.18 20.39
-4.13 20.42
-4.08 20.46
-4.03 20.49
-3.98 20.53
-3.93 20.56
-3.88 20.60
-3.83 20.63
-3.78 20.66
-3.73 20.70
-3.68 20.71
-3.63 20.73
-3.58 20.75
-3.53 20.77
-3.48 20.79
-3.43 20.81
-3.38 20.83
-3.33 20.85
-3.28 20.87
-3.23 20.89
-3.18 20.90
-3.13 20.92
-3.08 20.94
-3.03 20.96
-2.98 20.98
-2.93 21.00
-2.88 21.02
-2.83 21.04
-2.78 21.06
-2.73 21.08
-2.68 21.09
-2.63 21.11
-2.58 21.13
-2.53 21.15
-2.48 21.17
-2.43 21.18
-2.38 21.19
-2.33 21.20
-2.28 21.21
-2.23 21.22
-2.18 21.23
-2.13 21.24
-2.08 21.25
-2.03 21.26
-1.98 21.27
-1.93 21.28
-1.88 21.29
-1.83 21.30
-1.78 21.31
-1.73 21.32
-1.68 21.33
-1.63 21.34
-1.58 21.36
-1.53 21.37
-1.48 21.38
-1.43 21.39
-1.38 21.40
-1.33 21.41
-1.28 21.42
-1.23 21.43
-1.18 21.41
-1.13 21.39
-1.08 21.37
-1.03 21.35
-0.98 21.33
-0.93 21.31
-0.88 21.30
-0.83 21.28
-0.78 21.26
-0.73 21.24
-0.68 21.22
-0.63 21.20
-0.58 21.19
-0.53 21.17
-0.48 21.15
-0.43 21.13
-0.38 21.11
-0.33 21.09
-0.28 21.07
-0.23 21.06
-0.18 21.04
-0.13 21.02
-0.08 21.00
-0.03 20.98
0.03 20.96
0.08 20.95
0.13 20.94
0.18 20.94
0.23 20.93
0.28 20.92
0.33 20.91
0.38 20.90
0.43 20.89
0.48 20.88
0.53 20.87
0.58 20.86
0.63 20.85
0.68 20.84
0.73 20.83
0.78 20.82
0.83 20.82
0.88 20.81
0.93 20.80
0.98 20.79
1.03 20.78
1.08 20.77
1.13 20.76
1.18 20.75
1.23 20.74
1.28 20.73
1.33 20.72
1.38 20.71
1.43 20.70
1.48 20.70
1.53 20.69
1.58 20.68
1.63 20.67
1.68 20.66
1.73 20.65
1.78 20.65
1.83 20.64
1.88 20.63
1.93 20.63
1.98 20.62
2.03 20.61
2.08 20.61
2.13 20.60
2.18 20.60
2.23 20.59
2.28 20.58
2.33 20.58
2.38 20.57
2.43 20.56
2.48 20.56
2.53 20.55
2.58 20.55
2.63 20.54
2.68 20.53
2.73 20.53
2.78 20.52
2.83 20.51
2.88 20.51
2.93 20.50
2.98 20.50
3.03 20.49
3.08 20.48
3.13 20.48
3.18 20.47
3.23 20.47
3.28 20.46
3.33 20.45
3.38 20.46
3.43 20.47
3.48 20.48
3.53 20.49
3.58 20.50
3.63 20.51
3.68 20.52
3.73 20.53
3.78 20.54
3.83 20.55
3.88 20.56
3.93 20.57
3.98 20.58
4.03 20.59
4.08 20.60
4.13 20.61
4.18 20.62
4.23 20.63
4.28 20.64
4.33 20.65
4.38 20.66
4.43 20.67
4.48 20.68
4.53 20.69
4.58 20.70
4.63 20.71
4.68 20.72
4.73 20.73
4.78 20.74
4.83 20.75
4.88 20.76
4.93 20.77
4.98 20.78
5.03 20.79
5.08 20.80
5.13 20.81
5.18 20.82
5.23 20.83
5.28 20.84
5.33 20.85
5.38 20.85
5.43 20.86
5.48 20.87
5.53 20.88
5.58 20.89
5.63 20.90
5.68 20.91
5.73 20.92
5.78 20.93
5.83 20.94
5.88 20.95
5.93 20.96
5.98 20.97
6.03 20.98
6.08 20.99
6.13 21.00
6.18 21.00
6.23 21.01
6.28 21.03
6.33 21.05
6.38 21.07
6.43 21.09
6.48 21.10
6.53 21.12
6.58 21.14
6.63 21.16
6.68 21.18
6.73 21.20
6.78 21.22
6.83 21.24
6.88 21.26
6.93 21.28
6.98 21.30
7.03 21.31
7.08 21.33
7.13 21.35
7.18 21.37
7.23 21.39
7.28 21.41
7.33 21.43
7.38 21.45
7.43 21.47
7.48 21.49
7.53 21.51
7.58 21.52
7.63 21.54
7.68 21.56
7.73 21.58
7.78 21.60
7.83 21.62
7.88 21.63
7.93 21.65
7.98 21.67
8.03 21.69
8.08 21.71
8.13 21.73
8.18 21.75
8.23 21.76
8.28 21.78
8.33 21.80
8.38 21.82
8.43 21.84
8.48 21.86
8.53 21.87
8.58 21.89
8.63 21.91
8.68 21.93
8.73 21.95
8.78 21.96
8.83 21.96
8.88 21.96
8.93 21.96
8.98 21.96
9.03 21.96
9.08 21.96
9.13 21.96
9.18 21.96
9.23 21.96
9.28 21.96
9.33 21.96
9.38 21.96
9.43 21.96
9.48 21.96
9.53 21.96
9.58 21.96
9.63 21.96
9.68 21.96
9.73 21.96
9.78 21.96
9.83 21.96
9.88 21.96
9.93 21.96
9.98 21.96
10.04 21.95
10.09 21.95
10.14 21.94
10.19 21.94
10.24 21.93
10.29 21.93
10.34 21.92
10.39 21.92
10.44 21.91
10.49 21.91
10.54 21.90
10.59 21.90
10.64 21.89
10.69 21.88
10.74 21.88
10.79 21.87
10.84 21.87
10.89 21.86
10.94 21.86
10.99 21.85
11.04 21.85
11.09 21.84
11.14 21.84
11.19 21.83
11.24 21.83
11.29 21.82
11.34 21.82
11.39 21.81
11.44 21.80
11.49 21.80
11.54 21.79
11.59 21.79
11.64 21.78
11.69 21.78
11.74 21.78
11.79 21.78
11.84 21.78
11.89 21.78
11.94 21.79
11.99 21.79
12.04 21.79
12.09 21.79
12.14 21.79
12.19 21.80
12.24 21.80
12.29 21.80
12.34 21.80
12.39 21.80
12.44 21.81
12.49 21.81
12.54 21.81
12.59 21.81
12.64 21.81
12.69 21.82
12.74 21.82
12.79 21.82
12.84 21.82
12.89 21.82
12.94 21.83
12.99 21.83
13.04 21.83
13.09 21.83
13.14 21.83
13.19 21.84
13.24 21.84
13.29 21.84
13.34 21.84
13.39 21.83
13.44 21.80
13.49 21.77
13.54 21.73
13.59 21.70
13.64 21.67
13.69 21.64
13.74 21.61
13.79 21.58
13.84 21.54
13.89 21.51
13.94 21.48
13.99 21.45
14.04 21.42
14.09 21.38
14.14 21.35
14.19 21.32
14.24 21.29
14.29 21.26
14.34 21.23
14.39 21.19
14.44 21.16
14.49 21.13
14.54 21.10
14.59 21.07
14.64 21.04
14.69 21.00
14.74 20.97
14.79 20.94
14.84 20.91
14.89 20.88
14.94 20.84
14.99 20.81
15.04 20.78
15.09 20.73
15.14 20.69
15.19 20.65
15.24 20.60
15.29 20.56
15.34 20.51
15.39 20.47
15.44 20.42
15.49 20.38
15.54 20.34
15.59 20.29
15.64 20.25
15.69 20.20
15.74 20.16
15.79 20.11
15.84 20.07
15.89 20.03
15.94 19.98
15.99 19.94
16.04 19.89
16.09 19.85
16.14 19.80
16.19 19.76
16.24 19.72
16.29 19.67
16.34 19.63
16.39 19.58
16.44 19.54
16.49 19.49
16.54 19.45
16.59 19.41
16.64 19.36
16.69 19.32
16.74 19.28
16.79 19.25
16.84 19.21
16.89 19.18
16.94 19.15
16.99 19.11
17.04 19.08
17.09 19.04
17.14 19.01
17.19 18.97
17.24 18.94
17.29 18.91
17.34 18.87
17.39 18.84
17.44 18.80
17.49 18.77
17.54 18.73
17.59 18.70
17.64 18.67
17.69 18.63
17.74 18.60
17.79 18.56
17.84 18.53
17.89 18.50
17.94 18.46
17.99 18.43
18.04 18.39
18.09 18.36
18.14 18.32
18.19 18.29
18.24 18.26
18.29 18.22
18.34 18.19
18.39 18.14
18.44 18.10
18.49 18.06
18.54 18.01
18.59 17.97
18.64 17.93
18.69 17.88
18.74 17.84
18.79 17.79
18.84 17.75
18.89 17.71
18.94 17.66
18.99 17.62
19.04 17.58
19.09 17.53
19.14 17.49
19.19 17.44
19.24 17.40
19.29 17.36
19.34 17.31
19.39 17.27
19.44 17.23
19.49 17.18
19.54 17.14
19.59 17.10
19.64 17.05
19.69 17.01
19.74 16.96
19.79 16.92
19.84 16.88
19.89 16.83
19.94 16.79
19.99 16.75
20.05 16.71
20.10 16.68
20.15 16.65
20.20 16.62
20.25 16.59
20.30 16.56
20.35 16.53
20.40 16.50
20.45 16.47
20.50 16.44
20.55 16.40
20.60 16.37
20.65 16.34
20.70 16.31
20.75 16.28
20.80 16.25
20.85 16.22
20.90 16.19
20.95 16.16
21.00 16.13
21.05 16.10
21.10 16.06
21.15 16.03
21.20 16.00
21.25 15.97
21.30 15.94
21.35 15.91
21.40 15.88
21.45 15.85
21.50 15.82
21.55 15.79
21.60 15.76
21.65 15.72
21.70 15.68
21.75 15.64
21.80 15.59
21.85 15.55
21.90 15.50
21.95 15.46
22.00 15.41
22.05 15.37
22.10 15.32
22.15 15.28
22.20 15.23
22.25 15.19
22.30 15.14
22.35 15.10
22.40 15.05
22.45 15.01
22.50 14.96
22.55 14.91
22.60 14.87
22.65 14.82
22.70 14.78
22.75 14.73
22.80 14.69
22.85 14.64
22.90 14.60
22.95 14.55
23.00 14.51
23.05 14.46
23.10 14.42
23.15 14.37
23.20 14.33
23.25 14.28
23.30 14.23
23.35 14.19
23.40 14.15
23.45 14.10
23.50 14.06
23.55 14.02
23.60 13.98
23.65 13.93
23.70 13.89
23.75 13.85
23.80 13.80
23.85 13.76
23.90 13.72
23.95 13.68
24.00 13.63
24.05 13.59
24.10 13.55
24.15 13.50
24.20 13.46
24.25 13.42
24.30 13.38
24.35 13.33
24.40 13.29
24.45 13.25
24.50 13.20
24.55 13.16
24.60 13.12
24.65 13.08
24.70 13.03
24.75 12.99
24.80 12.95
24.85 12.90
24.90 12.86
24.95 12.82
25.00 12.78
